Filing 0_G_Analysis.txt
Ratio: 0
0	0	0
Ratio: 0.05
0	0.05	0
Ratio: 0.1
0	0.1	0
Ratio: 0.15
0	0.15	0
Ratio: 0.2
0	0.2	0
Ratio: 0.25
0	0.25	0
Ratio: 0.3
0	0.3	0
Ratio: 0.35
0	0.35	0
Ratio: 0.4
0	0.4	0
Ratio: 0.45
0	0.45	0
Ratio: 0.5
0	0.5	0
Ratio: 0.55
0	0.55	0
Ratio: 0.6
0	0.6	0
Ratio: 0.65
0	0.65	0
Ratio: 0.7
0	0.7	0
Ratio: 0.75
0	0.75	0
Ratio: 0.8
0	0.8	0
Ratio: 0.85
0	0.85	0
Ratio: 0.9
0	0.9	0
Ratio: 0.95
0	0.95	0
Filing 10_G_Analysis.txt
Ratio: 0
10000	0	40000
Ratio: 0.05
10000	0.05	39500
Ratio: 0.1
10000	0.1	39000
Ratio: 0.15
10000	0.15	37000
Ratio: 0.2
10000	0.2	36000
Ratio: 0.25
10000	0.25	35000
Ratio: 0.3
10000	0.3	34000
Ratio: 0.35
10000	0.35	33000
Ratio: 0.4
10000	0.4	32000
Ratio: 0.45
10000	0.45	31000
Ratio: 0.5
10000	0.5	30000
Ratio: 0.55
10000	0.55	29000
Ratio: 0.6
10000	0.6	28000
Ratio: 0.65
10000	0.65	27000
Ratio: 0.7
10000	0.7	26000
Ratio: 0.75
10000	0.75	25000
Ratio: 0.8
10000	0.8	24000
Ratio: 0.85
10000	0.85	23000
Ratio: 0.9
10000	0.9	24000
Ratio: 0.95
10000	0.95	22000
Filing 20_G_Analysis.txt
Ratio: 0
20000	0	20000
Ratio: 0.05
20000	0.05	22000
Ratio: 0.1
20000	0.1	22000
Ratio: 0.15
20000	0.15	23000
Ratio: 0.2
20000	0.2	24000
Ratio: 0.25
20000	0.25	25000
Ratio: 0.3
20000	0.3	26000
Ratio: 0.35
20000	0.35	27000
Ratio: 0.4
20000	0.4	28000
Ratio: 0.45
20000	0.45	29000
Ratio: 0.5
20000	0.5	60000
Ratio: 0.55
20000	0.55	41500
Ratio: 0.6
20000	0.6	38000
Ratio: 0.65
20000	0.65	34500
Ratio: 0.7
20000	0.7	31000
Ratio: 0.75
20000	0.75	27500
Ratio: 0.8
20000	0.8	24000
Ratio: 0.85
20000	0.85	20500
Ratio: 0.9
20000	0.9	17000
Ratio: 0.95
20000	0.95	15500
Filing 30_G_Analysis.txt
Ratio: 0
30000	0	30000
Inside the heat analysis
Ratio: 0.05
30000	0.05	31500
Inside the heat analysis
Ratio: 0.1
30000	0.1	33000
Inside the heat analysis
Ratio: 0.15
30000	0.15	34500
Inside the heat analysis
Ratio: 0.2
30000	0.2	36000
Inside the heat analysis
Ratio: 0.25
30000	0.25	37500
Inside the heat analysis
Ratio: 0.3
30000	0.3	39000
Inside the heat analysis
Ratio: 0.35
30000	0.35	24750
Inside the heat analysis
Ratio: 0.4
30000	0.4	24000
Inside the heat analysis
Ratio: 0.45
30000	0.45	23250
Inside the heat analysis
Ratio: 0.5
30000	0.5	22500
Inside the heat analysis
Ratio: 0.55
30000	0.55	21750
Inside the heat analysis
Ratio: 0.6
30000	0.6	21000
Inside the heat analysis
Ratio: 0.65
30000	0.65	20250
Inside the heat analysis
Ratio: 0.7
30000	0.7	46500
Inside the heat analysis
Ratio: 0.75
30000	0.75	41250
Inside the heat analysis
Ratio: 0.8
30000	0.8	36000
Inside the heat analysis
Ratio: 0.85
30000	0.85	30750
Inside the heat analysis
Ratio: 0.9
30000	0.9	25500
Inside the heat analysis
Ratio: 0.95
30000	0.95	20250
Inside the heat analysis
Filing 40_G_Analysis.txt
Ratio: 0
40000	0	40000
Ratio: 0.05
40000	0.05	42000
Ratio: 0.1
40000	0.1	44000
Ratio: 0.15
40000	0.15	46000
Ratio: 0.2
40000	0.2	48000
Ratio: 0.25
40000	0.25	50000
Ratio: 0.3
40000	0.3	34000
Ratio: 0.35
40000	0.35	33000
Ratio: 0.4
40000	0.4	32000
Ratio: 0.45
40000	0.45	31000
Ratio: 0.5
40000	0.5	30000
Ratio: 0.55
40000	0.55	29000
Ratio: 0.6
40000	0.6	28000
Ratio: 0.65
40000	0.65	27000
Ratio: 0.7
40000	0.7	26000
Ratio: 0.75
40000	0.75	55000
Ratio: 0.8
40000	0.8	48000
Ratio: 0.85
40000	0.85	41000
Ratio: 0.9
40000	0.9	34000
Ratio: 0.95
40000	0.95	27000
Filing 50_G_Analysis.txt
Ratio: 0
50000	0	50000
Ratio: 0.05
50000	0.05	52500
Ratio: 0.1
50000	0.1	55000
Ratio: 0.15
50000	0.15	57500
Ratio: 0.2
50000	0.2	60000
Ratio: 0.25
50000	0.25	43750
Ratio: 0.3
50000	0.3	42500
Ratio: 0.35
50000	0.35	41250
Ratio: 0.4
50000	0.4	40000
Ratio: 0.45
50000	0.45	38750
Ratio: 0.5
50000	0.5	37500
Ratio: 0.55
50000	0.55	36250
Ratio: 0.6
50000	0.6	35000
Ratio: 0.65
50000	0.65	33750
Ratio: 0.7
50000	0.7	32500
Ratio: 0.75
50000	0.75	31250
Ratio: 0.8
50000	0.8	60000
Ratio: 0.85
50000	0.85	51250
Ratio: 0.9
50000	0.9	42500
Ratio: 0.95
50000	0.95	33749.9999999999
Filing 60_G_Analysis.txt
Ratio: 0
60000	0	60000
Ratio: 0.05
60000	0.05	63000
Ratio: 0.1
60000	0.1	66000
Ratio: 0.15
60000	0.15	69000
Ratio: 0.2
60000	0.2	54000
Ratio: 0.25
60000	0.25	52500
Ratio: 0.3
60000	0.3	51000
Ratio: 0.35
60000	0.35	49500
Ratio: 0.4
60000	0.4	48000
Ratio: 0.45
60000	0.45	46500
Ratio: 0.5
60000	0.5	45000
Ratio: 0.55
60000	0.55	43500
Ratio: 0.6
60000	0.6	42000
Ratio: 0.65
60000	0.65	40500
Ratio: 0.7
60000	0.7	39000
Ratio: 0.75
60000	0.75	37500
Ratio: 0.8
60000	0.8	36000
Ratio: 0.85
60000	0.85	61500
Ratio: 0.9
60000	0.9	50999.9999999999
Ratio: 0.95
60000	0.95	40499.9999999999
Filing 70_G_Analysis.txt
Ratio: 0
70000	0	70000
Ratio: 0.05
70000	0.05	73500
Ratio: 0.1
70000	0.1	77000
Ratio: 0.15
70000	0.15	64750
Ratio: 0.2
70000	0.2	63000
Ratio: 0.25
70000	0.25	61250
Ratio: 0.3
70000	0.3	59500
Ratio: 0.35
70000	0.35	57750
Ratio: 0.4
70000	0.4	56000
Ratio: 0.45
70000	0.45	54250
Ratio: 0.5
70000	0.5	52500
Ratio: 0.55
70000	0.55	50750
Ratio: 0.6
70000	0.6	49000
Ratio: 0.65
70000	0.65	47250
Ratio: 0.7
70000	0.7	45500
Ratio: 0.75
70000	0.75	43750
Ratio: 0.8
70000	0.8	42000
Ratio: 0.85
70000	0.85	40250
Ratio: 0.9
70000	0.9	59499.9999999999
Ratio: 0.95
70000	0.95	47249.9999999999
Filing 80_G_Analysis.txt
Ratio: 0
80000	0	80000
Ratio: 0.05
80000	0.05	84000
Ratio: 0.1
80000	0.1	88000
Ratio: 0.15
80000	0.15	74000
Ratio: 0.2
80000	0.2	72000
Ratio: 0.25
80000	0.25	70000
Ratio: 0.3
80000	0.3	68000
Ratio: 0.35
80000	0.35	66000
Ratio: 0.4
80000	0.4	64000
Ratio: 0.45
80000	0.45	62000
Ratio: 0.5
80000	0.5	60000
Ratio: 0.55
80000	0.55	58000
Ratio: 0.6
80000	0.6	56000
Ratio: 0.65
80000	0.65	54000
Ratio: 0.7
80000	0.7	52000
Ratio: 0.75
80000	0.75	50000
Ratio: 0.8
80000	0.8	48000
Ratio: 0.85
80000	0.85	46000
Ratio: 0.9
80000	0.9	67999.9999999999
Ratio: 0.95
80000	0.95	53999.9999999999
Filing 90_G_Analysis.txt
Ratio: 0
90000	0	90000
Ratio: 0.05
90000	0.05	94500
Ratio: 0.1
90000	0.1	99000
Ratio: 0.15
90000	0.15	83250
Ratio: 0.2
90000	0.2	81000
Ratio: 0.25
90000	0.25	78750
Ratio: 0.3
90000	0.3	76500
Ratio: 0.35
90000	0.35	74250
Ratio: 0.4
90000	0.4	72000
Ratio: 0.45
90000	0.45	69750
Ratio: 0.5
90000	0.5	67500
Ratio: 0.55
90000	0.55	65250
Ratio: 0.6
90000	0.6	63000
Ratio: 0.65
90000	0.65	60750
Ratio: 0.7
90000	0.7	58500
Ratio: 0.75
90000	0.75	56250
Ratio: 0.8
90000	0.8	54000
Ratio: 0.85
90000	0.85	51750
Ratio: 0.9
90000	0.9	76499.9999999999
Ratio: 0.95
90000	0.95	60749.9999999999
Filing 100_G_Analysis.txt
Ratio: 0
100000	0	100000
Ratio: 0.05
100000	0.05	105000
Ratio: 0.1
100000	0.1	110000
Ratio: 0.15
100000	0.15	92500
Ratio: 0.2
100000	0.2	90000
Ratio: 0.25
100000	0.25	87500
Ratio: 0.3
100000	0.3	85000
Ratio: 0.35
100000	0.35	82500
Ratio: 0.4
100000	0.4	80000
Ratio: 0.45
100000	0.45	77500
Ratio: 0.5
100000	0.5	75000
Ratio: 0.55
100000	0.55	72500
Ratio: 0.6
100000	0.6	70000
Ratio: 0.65
100000	0.65	67500
Ratio: 0.7
100000	0.7	65000
Ratio: 0.75
100000	0.75	62500
Ratio: 0.8
100000	0.8	60000
Ratio: 0.85
100000	0.85	57500
Ratio: 0.9
100000	0.9	84999.9999999999
Ratio: 0.95
100000	0.95	67499.9999999999
